 0   32   77   35   95    30  128   120   171   49
  32    0   63   60   82    13   63   108   159   39
  77   63    0  112   17    46   59    49    94   49
  35   60  112   0    130  65   163  137  206   83	
  95   82   17   130   0    65   77    34   76     68
  30   13   46   65     65   0   98    72   141   24
 128   63   59  163    77   98  0    109   163  101
 120  108   49  137   34   72  109   0      82   60
 171  159   94  206  76  141   163  82	0   145
  49   39   49   83    68  24   101    60   145   0
